11 11
1 2
5 10
###########
##.......##
#.........#
#.....#...#
#...#....##
#..........
##........#
#.........#
#.........#
##....#..##
###########
9
2 2 01000101 1 0
2 5 01010001 1 1
2 8 00010001 4 2 3 6 8
5 2 00010001 4 2 3 6 8
5 5 00010001 1 4
5 8 01000100 1 5
8 2 00010001 4 2 3 6 8
8 5 00010001 1 7
8 8 01000100 4 2 3 6 8
...........
...........
...........
...........
.......#...
.......#...
....#..#...
...###.#...
.......#...
...........
...........
3 0 1 2
3 0 6 7
3 0 1 2
3 0 1 2
3 0 6 7
3 0 6 7
3 0 1 2
3 0 6 7
3 0 1 2