12 11
1 1
10 10
###########
#.........#
#......#..#
#...#..#..#
#......#..#
#..#......#
#..#......#
#......#..#
#...#...#.#
#...#.....#
#.....#....
###########
10
1 2 00000101 1 0
1 5 01000001 1 1
2 9 01010000 3 2 7 8
4 2 01010001 1 3
4 5 00010101 1 4
6 8 00010101 1 5
7 2 00000101 1 6
7 5 00010001 3 2 7 8
10 2 00010100 3 2 7 8
10 8 00010100 1 9
...........
...........
...........
...........
...........
...........
...........
...........
...........
...........
...........
...........
3 0 6 7
3 0 1 2
3 0 1 2
3 0 6 7
3 0 6 7
3 0 1 2
5 0 4 5 6 7
3 0 1 2
3 0 1 2
3 0 1 2