11 14
1 2
2 13
##############
##.......#..##
#.............
#.....#......#
#...#....#...#
#............#
##........#..#
#............#
#............#
##....#..##..#
##############
12
2 2 01000101 1 0
2 5 01010001 1 1
2 8 00010001 6 2 3 6 8 10 11
5 2 00010001 6 2 3 6 8 10 11
5 5 00010001 1 4
5 8 01000100 1 5
8 2 00010001 6 2 3 6 8 10 11
8 5 00010001 1 7
8 8 01000100 6 2 3 6 8 10 11
2 11 01000100 1 9
5 11 00010101 6 2 3 6 8 10 11
8 11 00010001 6 2 3 6 8 10 11
..............
..............
..........#...
.........##...
.......#......
.......#......
....#..#......
...###.#....#.
.......#......
..............
..............
3 0 1 2
3 0 6 7
3 0 1 2
3 0 1 2
3 0 6 7
3 0 6 7
3 0 1 2
3 0 6 7
3 0 1 2
3 0 6 7
3 0 1 2
3 0 1 2