11 11
1 1
6 10
###########
#..##....##
#.........#
#.........#
##....#...#
#.........#
#......#...
#...#.....#
#.........#
##.....#..#
###########
9
2 2 00010001 1 0
2 5 00010101 1 1
2 8 01000101 1 2
5 2 00010101 1 3
5 5 01000101 1 4
5 8 00010101 1 5
8 2 00010001 1 6
8 5 00010001 1 7
8 8 00010001 1 8
...........
...........
...........
...###.....
...........
...........
...#.....#.
......#....
...........
...........
...........
3 0 1 2
3 0 6 7
3 0 6 7
3 0 6 7
3 0 6 7
3 0 1 2
3 0 1 2
3 0 6 7
3 0 1 2